
random_tree

Adjacency Matrix:
[[0 0 0 0 0 0 0 0 0 0]
 [1 0 1 0 0 0 0 0 0 0]
 [0 0 0 0 0 0 0 0 0 0]
 [0 1 0 0 1 0 0 0 0 0]
 [0 0 0 0 0 0 1 0 0 0]
 [0 0 0 0 0 0 0 0 0 0]
 [0 0 0 0 0 1 0 0 0 0]
 [0 0 0 1 0 0 0 0 0 1]
 [0 0 0 0 0 0 0 0 0 0]
 [0 0 0 0 0 0 0 0 1 0]]

Adjacency Table:
0 : []
1 : [0, 2]
2 : []
3 : [1, 4]
4 : [6]
5 : []
6 : [5]
7 : [3, 9]
8 : []
9 : [8]

Edge Set:
{(1, 2), (3, 4), (6, 5), (3, 1), (4, 6), (7, 3), (7, 9), (9, 8), (1, 0)}

Incidence Matrix:
[[0 0 0 0 0 0 0 0 1]
 [1 0 0 1 0 0 0 0 1]
 [1 0 0 0 0 0 0 0 0]
 [0 1 0 1 0 1 0 0 0]
 [0 1 0 0 1 0 0 0 0]
 [0 0 1 0 0 0 0 0 0]
 [0 0 1 0 1 0 0 0 0]
 [0 0 0 0 0 1 1 0 0]
 [0 0 0 0 0 0 0 1 0]
 [0 0 0 0 0 0 1 1 0]]

Relation Properties for the Graph
+-----------------+-------+
|  Property name  | Value |
+=================+=======+
| reflexive       | False |
+-----------------+-------+
| anti_reflexive  | True  |
+-----------------+-------+
| irreflexive     | False |
+-----------------+-------+
| symmetric       | False |
+-----------------+-------+
| anti_symmetric  | False |
+-----------------+-------+
| asymmetric      | False |
+-----------------+-------+
| transitive      | False |
+-----------------+-------+
| intransitive    | False |
+-----------------+-------+
| anti_transitive | True  |
+-----------------+-------+


Vertex Properties for the Graph
+--------+------------+-----------+-----------+
| Vertex | Out Degree | In Degree | Neighbors |
+========+============+===========+===========+
|      0 |          0 |         1 | []        |
+--------+------------+-----------+-----------+
|      1 |          2 |         1 | [0, 2]    |
+--------+------------+-----------+-----------+
|      2 |          0 |         1 | []        |
+--------+------------+-----------+-----------+
|      3 |          2 |         1 | [1, 4]    |
+--------+------------+-----------+-----------+
|      4 |          1 |         1 | [6]       |
+--------+------------+-----------+-----------+
|      5 |          0 |         1 | []        |
+--------+------------+-----------+-----------+
|      6 |          1 |         1 | [5]       |
+--------+------------+-----------+-----------+
|      7 |          2 |         0 | [3, 9]    |
+--------+------------+-----------+-----------+
|      8 |          0 |         1 | []        |
+--------+------------+-----------+-----------+
|      9 |          1 |         1 | [8]       |
+--------+------------+-----------+-----------+


tree properties
+---------------+-----------------------+
| Property name |         Value         |
+===============+=======================+
| height        | 4                     |
+---------------+-----------------------+
| min_key       | 0                     |
+---------------+-----------------------+
| max_key       | -1                    |
+---------------+-----------------------+
| inorder       |  0 1 2 3 4 5 6 7 8 9  |
+---------------+-----------------------+
| reverseorder  |  9 8 7 6 5 4 3 2 1 0  |
+---------------+-----------------------+
| preorder      | 7 3 1 0 2 4 6 5 9 8   |
+---------------+-----------------------+
| postorder     |  0 2 1 5 6 4 3 8 9 7  |
+---------------+-----------------------+

vertices 10 edges 9
================================================================================
ordered_tree

Adjacency Matrix:
[[0 1 0 0 0 0 0 0 0 0]
 [0 0 1 0 0 0 0 0 0 0]
 [0 0 0 1 0 0 0 0 0 0]
 [0 0 0 0 1 0 0 0 0 0]
 [0 0 0 0 0 1 0 0 0 0]
 [0 0 0 0 0 0 1 0 0 0]
 [0 0 0 0 0 0 0 1 0 0]
 [0 0 0 0 0 0 0 0 1 0]
 [0 0 0 0 0 0 0 0 0 1]
 [0 0 0 0 0 0 0 0 0 0]]

Adjacency Table:
0 : [1]
1 : [2]
2 : [3]
3 : [4]
4 : [5]
5 : [6]
6 : [7]
7 : [8]
8 : [9]
9 : []

Edge Set:
{(0, 1), (1, 2), (3, 4), (2, 3), (6, 7), (4, 5), (8, 9), (5, 6), (7, 8)}

Incidence Matrix:
[[1 0 0 0 0 0 0 0 0]
 [1 1 0 0 0 0 0 0 0]
 [0 1 0 1 0 0 0 0 0]
 [0 0 1 1 0 0 0 0 0]
 [0 0 1 0 0 1 0 0 0]
 [0 0 0 0 0 1 0 1 0]
 [0 0 0 0 1 0 0 1 0]
 [0 0 0 0 1 0 0 0 1]
 [0 0 0 0 0 0 1 0 1]
 [0 0 0 0 0 0 1 0 0]]

Relation Properties for the Graph
+-----------------+-------+
|  Property name  | Value |
+=================+=======+
| reflexive       | False |
+-----------------+-------+
| anti_reflexive  | True  |
+-----------------+-------+
| irreflexive     | False |
+-----------------+-------+
| symmetric       | False |
+-----------------+-------+
| anti_symmetric  | False |
+-----------------+-------+
| asymmetric      | False |
+-----------------+-------+
| transitive      | False |
+-----------------+-------+
| intransitive    | False |
+-----------------+-------+
| anti_transitive | True  |
+-----------------+-------+


Vertex Properties for the Graph
+--------+------------+-----------+-----------+
| Vertex | Out Degree | In Degree | Neighbors |
+========+============+===========+===========+
|      0 |          1 |         0 | [1]       |
+--------+------------+-----------+-----------+
|      1 |          1 |         1 | [2]       |
+--------+------------+-----------+-----------+
|      2 |          1 |         1 | [3]       |
+--------+------------+-----------+-----------+
|      3 |          1 |         1 | [4]       |
+--------+------------+-----------+-----------+
|      4 |          1 |         1 | [5]       |
+--------+------------+-----------+-----------+
|      5 |          1 |         1 | [6]       |
+--------+------------+-----------+-----------+
|      6 |          1 |         1 | [7]       |
+--------+------------+-----------+-----------+
|      7 |          1 |         1 | [8]       |
+--------+------------+-----------+-----------+
|      8 |          1 |         1 | [9]       |
+--------+------------+-----------+-----------+
|      9 |          0 |         1 | []        |
+--------+------------+-----------+-----------+


tree properties
+---------------+-----------------------+
| Property name |         Value         |
+===============+=======================+
| height        | 9                     |
+---------------+-----------------------+
| min_key       | 0                     |
+---------------+-----------------------+
| max_key       | 0                     |
+---------------+-----------------------+
| inorder       |  0 1 2 3 4 5 6 7 8 9  |
+---------------+-----------------------+
| reverseorder  |  9 8 7 6 5 4 3 2 1 0  |
+---------------+-----------------------+
| preorder      | 0 1 2 3 4 5 6 7 8 9   |
+---------------+-----------------------+
| postorder     |  9 8 7 6 5 4 3 2 1 0  |
+---------------+-----------------------+

vertices 10 edges 9
================================================================================
backward_tree

Adjacency Matrix:
[[0 0 0 0 0 0 0 0 0 0]
 [1 0 0 0 0 0 0 0 0 0]
 [0 1 0 0 0 0 0 0 0 0]
 [0 0 1 0 0 0 0 0 0 0]
 [0 0 0 1 0 0 0 0 0 0]
 [0 0 0 0 1 0 0 0 0 0]
 [0 0 0 0 0 1 0 0 0 0]
 [0 0 0 0 0 0 1 0 0 0]
 [0 0 0 0 0 0 0 1 0 0]
 [0 0 0 0 0 0 0 0 1 0]]

Adjacency Table:
0 : []
1 : [0]
2 : [1]
3 : [2]
4 : [3]
5 : [4]
6 : [5]
7 : [6]
8 : [7]
9 : [8]

Edge Set:
{(2, 1), (6, 5), (4, 3), (8, 7), (5, 4), (7, 6), (9, 8), (1, 0), (3, 2)}

Incidence Matrix:
[[0 0 0 0 0 0 0 1 0]
 [1 0 0 0 0 0 0 1 0]
 [1 0 0 0 0 0 0 0 1]
 [0 0 1 0 0 0 0 0 1]
 [0 0 1 0 1 0 0 0 0]
 [0 1 0 0 1 0 0 0 0]
 [0 1 0 0 0 1 0 0 0]
 [0 0 0 1 0 1 0 0 0]
 [0 0 0 1 0 0 1 0 0]
 [0 0 0 0 0 0 1 0 0]]

Relation Properties for the Graph
+-----------------+-------+
|  Property name  | Value |
+=================+=======+
| reflexive       | False |
+-----------------+-------+
| anti_reflexive  | True  |
+-----------------+-------+
| irreflexive     | False |
+-----------------+-------+
| symmetric       | False |
+-----------------+-------+
| anti_symmetric  | False |
+-----------------+-------+
| asymmetric      | False |
+-----------------+-------+
| transitive      | False |
+-----------------+-------+
| intransitive    | False |
+-----------------+-------+
| anti_transitive | True  |
+-----------------+-------+


Vertex Properties for the Graph
+--------+------------+-----------+-----------+
| Vertex | Out Degree | In Degree | Neighbors |
+========+============+===========+===========+
|      0 |          0 |         1 | []        |
+--------+------------+-----------+-----------+
|      1 |          1 |         1 | [0]       |
+--------+------------+-----------+-----------+
|      2 |          1 |         1 | [1]       |
+--------+------------+-----------+-----------+
|      3 |          1 |         1 | [2]       |
+--------+------------+-----------+-----------+
|      4 |          1 |         1 | [3]       |
+--------+------------+-----------+-----------+
|      5 |          1 |         1 | [4]       |
+--------+------------+-----------+-----------+
|      6 |          1 |         1 | [5]       |
+--------+------------+-----------+-----------+
|      7 |          1 |         1 | [6]       |
+--------+------------+-----------+-----------+
|      8 |          1 |         1 | [7]       |
+--------+------------+-----------+-----------+
|      9 |          1 |         0 | [8]       |
+--------+------------+-----------+-----------+


tree properties
+---------------+-----------------------+
| Property name |         Value         |
+===============+=======================+
| height        | 9                     |
+---------------+-----------------------+
| min_key       | 0                     |
+---------------+-----------------------+
| max_key       | -1                    |
+---------------+-----------------------+
| inorder       |  0 1 2 3 4 5 6 7 8 9  |
+---------------+-----------------------+
| reverseorder  |  9 8 7 6 5 4 3 2 1 0  |
+---------------+-----------------------+
| preorder      | 9 8 7 6 5 4 3 2 1 0   |
+---------------+-----------------------+
| postorder     |  0 1 2 3 4 5 6 7 8 9  |
+---------------+-----------------------+

vertices 10 edges 9
================================================================================

Process finished with exit code 0
