
List of functions unranked
                                         10         20         30          40          50          60          70          80          90          100
f0 n                                2.302585   2.995732   3.401197    3.688879    3.912023    4.094345    4.248495    4.382027    4.499810    4.605170
f1 1.5 ** n                         4.054651   8.109302  12.163953   16.218604   20.273255   24.327906   28.382558   32.437209   36.491860   40.546511
f2 8 * n ** 3 + 17 * n ** 2 + 111   9.191259  11.169181  12.351951   13.198048   13.857239   14.397341   14.854872   15.251764   15.602226   15.915993
f3 (log(n)) ** 2                    1.668065   2.194377   2.448255    2.610645    2.728109    2.819213    2.893130    2.955023    3.008070    3.054359
f4 2 ** n                           6.931472  13.862944  20.794415   27.725887   34.657359   41.588831   48.520303   55.451774   62.383246   69.314718
f5 log(log(n))                     -0.181483   0.092751   0.202228    0.266450    0.310462    0.343311    0.369192    0.390359    0.408152    0.423423
f6 n ** 2 * (log(n)) ** 3           7.107268   9.283031  10.474777   11.293727   11.916210   12.417509   12.836685   13.196587   13.511725   13.791879
f7 2 ** n * ((n ** 2) + 1)         11.546592  19.856905  27.597921   35.104271   42.481805   49.777798   57.017497   64.215984   71.382989   78.525158
f8 n ** 3 + n * (log(n)) ** 2       6.959417   9.009385  10.216364   11.075107   11.742172   12.287679   12.749163   13.149076   13.501926   13.817629
f9 10000                            9.210340   9.210340   9.210340    9.210340    9.210340    9.210340    9.210340    9.210340    9.210340    9.210340
f10 factorial(n)                   15.104413  42.335616  74.658236  110.320640  148.477767  188.628173  230.439044  273.673124  318.152640  363.739376

List of functions ranked
                                         10         20         30          40          50          60          70          80          90          100
f5 log(log(n))                     -0.181483   0.092751   0.202228    0.266450    0.310462    0.343311    0.369192    0.390359    0.408152    0.423423
f3 (log(n)) ** 2                    1.668065   2.194377   2.448255    2.610645    2.728109    2.819213    2.893130    2.955023    3.008070    3.054359
f0 n                                2.302585   2.995732   3.401197    3.688879    3.912023    4.094345    4.248495    4.382027    4.499810    4.605170
f9 10000                            9.210340   9.210340   9.210340    9.210340    9.210340    9.210340    9.210340    9.210340    9.210340    9.210340
f6 n ** 2 * (log(n)) ** 3           7.107268   9.283031  10.474777   11.293727   11.916210   12.417509   12.836685   13.196587   13.511725   13.791879
f8 n ** 3 + n * (log(n)) ** 2       6.959417   9.009385  10.216364   11.075107   11.742172   12.287679   12.749163   13.149076   13.501926   13.817629
f2 8 * n ** 3 + 17 * n ** 2 + 111   9.191259  11.169181  12.351951   13.198048   13.857239   14.397341   14.854872   15.251764   15.602226   15.915993
f1 1.5 ** n                         4.054651   8.109302  12.163953   16.218604   20.273255   24.327906   28.382558   32.437209   36.491860   40.546511
f4 2 ** n                           6.931472  13.862944  20.794415   27.725887   34.657359   41.588831   48.520303   55.451774   62.383246   69.314718
f7 2 ** n * ((n ** 2) + 1)         11.546592  19.856905  27.597921   35.104271   42.481805   49.777798   57.017497   64.215984   71.382989   78.525158
f10 factorial(n)                   15.104413  42.335616  74.658236  110.320640  148.477767  188.628173  230.439044  273.673124  318.152640  363.739376
List of functions unranked
                                                 10           20           30           40           50           60           70           80           90           100
f11 3 ** n                                 10.986123    21.972246    32.958369    43.944492    54.930614    65.916737    76.902860    87.888983    98.875106   109.861229
f12 n ** 3 * (log(n, 3))                    7.647740     9.990338    11.333672    12.277913    13.006076    13.598593    14.098003    14.529543    14.909416    15.248642
f13 3 * n ** 3 + 3 * n ** 2 + 3 * n + 3     8.111628    10.137096    11.336105    12.190568    12.854884    13.398453    13.858487    14.257271    14.609215    14.924173
f14 factorial(333)                       1604.934709  1604.934709  1604.934709  1604.934709  1604.934709  1604.934709  1604.934709  1604.934709  1604.934709  1604.934709
f15 3 ** (log(n, 3))                        2.302585     2.995732     3.401197     3.688879     3.912023     4.094345     4.248495     4.382027     4.499810     4.605170
f16 3 ** sqrt(n)                            3.474117     4.913144     6.017347     6.948234     7.768362     8.509814     9.191650     9.826287    10.422351    10.986123
f17 n * log(log(n, 3), 3)                   1.907411     2.904820     3.429438     3.786505     4.056997     4.274558     4.456415     4.612569     4.749343     4.870984
f18 factorial(3 * n)                       74.658236   188.628173   318.152640   457.812388   605.020106   758.248113   916.485471  1079.012947  1245.292387  1414.905850
f19 sqrt(n) ** 3                            3.453878     4.493598     5.101796     5.533319     5.868035     6.141517     6.372743     6.573040     6.749715     6.907755
f20 (n * log(n, 3)) ** 3                    9.127709    11.996619    13.593831    14.700463    15.546089    16.229710    16.803037    17.296470    17.729391    18.114906

List of functions ranked
                                                 10           20           30           40           50           60           70           80           90           100
f15 3 ** (log(n, 3))                        2.302585     2.995732     3.401197     3.688879     3.912023     4.094345     4.248495     4.382027     4.499810     4.605170
f17 n * log(log(n, 3), 3)                   1.907411     2.904820     3.429438     3.786505     4.056997     4.274558     4.456415     4.612569     4.749343     4.870984
f19 sqrt(n) ** 3                            3.453878     4.493598     5.101796     5.533319     5.868035     6.141517     6.372743     6.573040     6.749715     6.907755
f16 3 ** sqrt(n)                            3.474117     4.913144     6.017347     6.948234     7.768362     8.509814     9.191650     9.826287    10.422351    10.986123
f13 3 * n ** 3 + 3 * n ** 2 + 3 * n + 3     8.111628    10.137096    11.336105    12.190568    12.854884    13.398453    13.858487    14.257271    14.609215    14.924173
f12 n ** 3 * (log(n, 3))                    7.647740     9.990338    11.333672    12.277913    13.006076    13.598593    14.098003    14.529543    14.909416    15.248642
f20 (n * log(n, 3)) ** 3                    9.127709    11.996619    13.593831    14.700463    15.546089    16.229710    16.803037    17.296470    17.729391    18.114906
f11 3 ** n                                 10.986123    21.972246    32.958369    43.944492    54.930614    65.916737    76.902860    87.888983    98.875106   109.861229
f18 factorial(3 * n)                       74.658236   188.628173   318.152640   457.812388   605.020106   758.248113   916.485471  1079.012947  1245.292387  1414.905850
f14 factorial(333)                       1604.934709  1604.934709  1604.934709  1604.934709  1604.934709  1604.934709  1604.934709  1604.934709  1604.934709  1604.934709

Process finished with exit code 0
