
permutations using built in perm
+--------+--------+--------+--------+--------+--------+--------+--------+---------+---------+---------+
| P(n,0) | P(n,1) | P(n,2) | P(n,3) | P(n,4) | P(n,5) | P(n,6) | P(n,7) | P(n,8)  | P(n,9)  | P(n,10) |
+========+========+========+========+========+========+========+========+=========+=========+=========+
|      1 |      0 |      0 |      0 |      0 |      0 |      0 |      0 |       0 |       0 |       0 |
+--------+--------+--------+--------+--------+--------+--------+--------+---------+---------+---------+
|      1 |      1 |      0 |      0 |      0 |      0 |      0 |      0 |       0 |       0 |       0 |
+--------+--------+--------+--------+--------+--------+--------+--------+---------+---------+---------+
|      1 |      2 |      2 |      0 |      0 |      0 |      0 |      0 |       0 |       0 |       0 |
+--------+--------+--------+--------+--------+--------+--------+--------+---------+---------+---------+
|      1 |      3 |      6 |      6 |      0 |      0 |      0 |      0 |       0 |       0 |       0 |
+--------+--------+--------+--------+--------+--------+--------+--------+---------+---------+---------+
|      1 |      4 |     12 |     24 |     24 |      0 |      0 |      0 |       0 |       0 |       0 |
+--------+--------+--------+--------+--------+--------+--------+--------+---------+---------+---------+
|      1 |      5 |     20 |     60 |    120 |    120 |      0 |      0 |       0 |       0 |       0 |
+--------+--------+--------+--------+--------+--------+--------+--------+---------+---------+---------+
|      1 |      6 |     30 |    120 |    360 |    720 |    720 |      0 |       0 |       0 |       0 |
+--------+--------+--------+--------+--------+--------+--------+--------+---------+---------+---------+
|      1 |      7 |     42 |    210 |    840 |   2520 |   5040 |   5040 |       0 |       0 |       0 |
+--------+--------+--------+--------+--------+--------+--------+--------+---------+---------+---------+
|      1 |      8 |     56 |    336 |   1680 |   6720 |  20160 |  40320 |   40320 |       0 |       0 |
+--------+--------+--------+--------+--------+--------+--------+--------+---------+---------+---------+
|      1 |      9 |     72 |    504 |   3024 |  15120 |  60480 | 181440 |  362880 |  362880 |       0 |
+--------+--------+--------+--------+--------+--------+--------+--------+---------+---------+---------+
|      1 |     10 |     90 |    720 |   5040 |  30240 | 151200 | 604800 | 1814400 | 3628800 | 3628800 |
+--------+--------+--------+--------+--------+--------+--------+--------+---------+---------+---------+

permutations using our perm function
+--------+--------+--------+--------+--------+--------+--------+--------+---------+---------+---------+
| P(n,0) | P(n,1) | P(n,2) | P(n,3) | P(n,4) | P(n,5) | P(n,6) | P(n,7) | P(n,8)  | P(n,9)  | P(n,10) |
+========+========+========+========+========+========+========+========+=========+=========+=========+
|      1 |      0 |      0 |      0 |      0 |      0 |      0 |      0 |       0 |       0 |       0 |
+--------+--------+--------+--------+--------+--------+--------+--------+---------+---------+---------+
|      1 |      1 |      0 |      0 |      0 |      0 |      0 |      0 |       0 |       0 |       0 |
+--------+--------+--------+--------+--------+--------+--------+--------+---------+---------+---------+
|      1 |      2 |      2 |      0 |      0 |      0 |      0 |      0 |       0 |       0 |       0 |
+--------+--------+--------+--------+--------+--------+--------+--------+---------+---------+---------+
|      1 |      3 |      6 |      6 |      0 |      0 |      0 |      0 |       0 |       0 |       0 |
+--------+--------+--------+--------+--------+--------+--------+--------+---------+---------+---------+
|      1 |      4 |     12 |     24 |     24 |      0 |      0 |      0 |       0 |       0 |       0 |
+--------+--------+--------+--------+--------+--------+--------+--------+---------+---------+---------+
|      1 |      5 |     20 |     60 |    120 |    120 |      0 |      0 |       0 |       0 |       0 |
+--------+--------+--------+--------+--------+--------+--------+--------+---------+---------+---------+
|      1 |      6 |     30 |    120 |    360 |    720 |    720 |      0 |       0 |       0 |       0 |
+--------+--------+--------+--------+--------+--------+--------+--------+---------+---------+---------+
|      1 |      7 |     42 |    210 |    840 |   2520 |   5040 |   5040 |       0 |       0 |       0 |
+--------+--------+--------+--------+--------+--------+--------+--------+---------+---------+---------+
|      1 |      8 |     56 |    336 |   1680 |   6720 |  20160 |  40320 |   40320 |       0 |       0 |
+--------+--------+--------+--------+--------+--------+--------+--------+---------+---------+---------+
|      1 |      9 |     72 |    504 |   3024 |  15120 |  60480 | 181440 |  362880 |  362880 |       0 |
+--------+--------+--------+--------+--------+--------+--------+--------+---------+---------+---------+
|      1 |     10 |     90 |    720 |   5040 |  30240 | 151200 | 604800 | 1814400 | 3628800 | 3628800 |
+--------+--------+--------+--------+--------+--------+--------+--------+---------+---------+---------+

combinations using built in comb
+--------+--------+--------+--------+--------+--------+--------+--------+--------+--------+---------+
| C(n,0) | C(n,1) | C(n,2) | C(n,3) | C(n,4) | C(n,5) | C(n,6) | C(n,7) | C(n,8) | C(n,9) | C(n,10) |
+========+========+========+========+========+========+========+========+========+========+=========+
|      1 |      0 |      0 |      0 |      0 |      0 |      0 |      0 |      0 |      0 |       0 |
+--------+--------+--------+--------+--------+--------+--------+--------+--------+--------+---------+
|      1 |      1 |      0 |      0 |      0 |      0 |      0 |      0 |      0 |      0 |       0 |
+--------+--------+--------+--------+--------+--------+--------+--------+--------+--------+---------+
|      1 |      2 |      1 |      0 |      0 |      0 |      0 |      0 |      0 |      0 |       0 |
+--------+--------+--------+--------+--------+--------+--------+--------+--------+--------+---------+
|      1 |      3 |      3 |      1 |      0 |      0 |      0 |      0 |      0 |      0 |       0 |
+--------+--------+--------+--------+--------+--------+--------+--------+--------+--------+---------+
|      1 |      4 |      6 |      4 |      1 |      0 |      0 |      0 |      0 |      0 |       0 |
+--------+--------+--------+--------+--------+--------+--------+--------+--------+--------+---------+
|      1 |      5 |     10 |     10 |      5 |      1 |      0 |      0 |      0 |      0 |       0 |
+--------+--------+--------+--------+--------+--------+--------+--------+--------+--------+---------+
|      1 |      6 |     15 |     20 |     15 |      6 |      1 |      0 |      0 |      0 |       0 |
+--------+--------+--------+--------+--------+--------+--------+--------+--------+--------+---------+
|      1 |      7 |     21 |     35 |     35 |     21 |      7 |      1 |      0 |      0 |       0 |
+--------+--------+--------+--------+--------+--------+--------+--------+--------+--------+---------+
|      1 |      8 |     28 |     56 |     70 |     56 |     28 |      8 |      1 |      0 |       0 |
+--------+--------+--------+--------+--------+--------+--------+--------+--------+--------+---------+
|      1 |      9 |     36 |     84 |    126 |    126 |     84 |     36 |      9 |      1 |       0 |
+--------+--------+--------+--------+--------+--------+--------+--------+--------+--------+---------+
|      1 |     10 |     45 |    120 |    210 |    252 |    210 |    120 |     45 |     10 |       1 |
+--------+--------+--------+--------+--------+--------+--------+--------+--------+--------+---------+

combinations using our comb function
+--------+--------+--------+--------+--------+--------+--------+--------+--------+--------+---------+
| C(n,0) | C(n,1) | C(n,2) | C(n,3) | C(n,4) | C(n,5) | C(n,6) | C(n,7) | C(n,8) | C(n,9) | C(n,10) |
+========+========+========+========+========+========+========+========+========+========+=========+
|      1 |      0 |      0 |      0 |      0 |      0 |      0 |      0 |      0 |      0 |       0 |
+--------+--------+--------+--------+--------+--------+--------+--------+--------+--------+---------+
|      1 |      1 |      0 |      0 |      0 |      0 |      0 |      0 |      0 |      0 |       0 |
+--------+--------+--------+--------+--------+--------+--------+--------+--------+--------+---------+
|      1 |      2 |      1 |      0 |      0 |      0 |      0 |      0 |      0 |      0 |       0 |
+--------+--------+--------+--------+--------+--------+--------+--------+--------+--------+---------+
|      1 |      3 |      3 |      1 |      0 |      0 |      0 |      0 |      0 |      0 |       0 |
+--------+--------+--------+--------+--------+--------+--------+--------+--------+--------+---------+
|      1 |      4 |      6 |      4 |      1 |      0 |      0 |      0 |      0 |      0 |       0 |
+--------+--------+--------+--------+--------+--------+--------+--------+--------+--------+---------+
|      1 |      5 |     10 |     10 |      5 |      1 |      0 |      0 |      0 |      0 |       0 |
+--------+--------+--------+--------+--------+--------+--------+--------+--------+--------+---------+
|      1 |      6 |     15 |     20 |     15 |      6 |      1 |      0 |      0 |      0 |       0 |
+--------+--------+--------+--------+--------+--------+--------+--------+--------+--------+---------+
|      1 |      7 |     21 |     35 |     35 |     21 |      7 |      1 |      0 |      0 |       0 |
+--------+--------+--------+--------+--------+--------+--------+--------+--------+--------+---------+
|      1 |      8 |     28 |     56 |     70 |     56 |     28 |      8 |      1 |      0 |       0 |
+--------+--------+--------+--------+--------+--------+--------+--------+--------+--------+---------+
|      1 |      9 |     36 |     84 |    126 |    126 |     84 |     36 |      9 |      1 |       0 |
+--------+--------+--------+--------+--------+--------+--------+--------+--------+--------+---------+
|      1 |     10 |     45 |    120 |    210 |    252 |    210 |    120 |     45 |     10 |       1 |
+--------+--------+--------+--------+--------+--------+--------+--------+--------+--------+---------+

Poker hands
+-----------------+-----------+----------+
|      Name       | Frequency | Computed |
+=================+===========+==========+
| royal flush     |         4 |        4 |
+-----------------+-----------+----------+
| straight flush  |        36 |       36 |
+-----------------+-----------+----------+
| four of a kind  |       624 |      624 |
+-----------------+-----------+----------+
| full house      |      3744 |     3744 |
+-----------------+-----------+----------+
| flush           |      5108 |     5108 |
+-----------------+-----------+----------+
| straight        |     10200 |    10200 |
+-----------------+-----------+----------+
| three of a kind |     54912 |    54912 |
+-----------------+-----------+----------+
| two pair        |    123552 |   123552 |
+-----------------+-----------+----------+
| one pair        |   1098240 |  1098240 |
+-----------------+-----------+----------+
| no pairs        |   1302540 |  1302540 |
+-----------------+-----------+----------+


Process finished with exit code 0
